data/pulp.wav 0 0.0889959 0.663221 3.74141e-05 -302.823 13.5884 4.30816 0.0584732 0.0763306 -0.0597537 -1.0983 -1.49444 -0.871059 -0.191806 -5.09907e-14 0.191806 0.871059 1.49444 1.0983 0.0597537 -0.0763306 -0.0584732 -4.30816 -13.5884 0.165527 
data/pulp.wav 0.278639 0.103466 0.678642 0.000154675 -277.754 28.364 -5.46092 -6.08014 0.86559 -1.50117 -2.60187 -1.21252 -1.40771 -1.53618 -3.97559e-14 1.53618 1.40771 1.21252 2.60187 1.50117 -0.86559 6.08014 5.46092 -28.364 0.174316 
data/pulp.wav 0.557279 0.0951764 0.531012 0.000160574 -277.4 30.2541 -3.84974 -6.36501 1.3409 -0.561039 -1.24209 1.87484 1.22555 -0.888173 -4.04557e-14 0.888173 -1.22555 -1.87484 1.24209 0.561039 -1.3409 6.36501 3.84974 -30.2541 0.168213 
data/pulp.wav 0.835918 0.0929156 0.575138 0.000198011 -274.854 32.1071 -3.88368 -6.89287 -1.07318 -3.60592 -1.89531 1.8704 -0.0326678 -1.92365 -3.88914e-14 1.92365 0.0326678 -1.8704 1.89531 3.60592 1.07318 6.89287 3.88368 -32.1071 0.175903 
data/pulp.wav 1.11456 0.108056 0.607373 0.000211738 -270.816 30.0026 -8.47237 -1.56644 2.91175 -6.49779 -2.92366 2.48743 -0.624893 -1.76926 -2.88917e-14 1.76926 0.624893 -2.48743 2.92366 6.49779 -2.91175 1.56644 8.47237 -30.0026 0.18811 
data/pulp.wav 1.3932 0.0989874 0.691849 0.000192547 -272.943 30.42 -7.20236 -4.52476 2.0108 -3.29922 -1.9656 1.05108 -0.747165 -1.0381 -3.37581e-14 1.0381 0.747165 -1.05108 1.9656 3.29922 -2.0108 4.52476 7.20236 -30.42 0.172974 
data/pulp.wav 1.67184 0.0835947 0.584449 0.00018701 -274.532 33.5843 -1.00457 -3.41805 2.44532 -1.93084 -2.85422 0.96693 0.640954 -1.10939 -3.92375e-14 1.10939 -0.640954 -0.96693 2.85422 1.93084 -2.44532 3.41805 1.00457 -33.5843 0.158325 
data/pulp.wav 1.95048 0.091196 0.505218 0.000162738 -275.673 30.2228 -3.56983 -2.2282 2.1774 -4.22772 -2.75225 1.49515 -0.251455 -1.33707 -3.55117e-14 1.33707 0.251455 -1.49515 2.75225 4.22772 -2.1774 2.2282 3.56983 -30.2228 0.176758 
data/pulp.wav 2.22912 0.0679873 0.593457 0.000178138 -281.032 32.5071 6.13443 -1.60371 0.633318 0.91834 0.998892 1.84189 1.26506 0.288096 -4.579e-14 -0.288096 -1.26506 -1.84189 -0.998892 -0.91834 -0.633318 1.60371 -6.13443 -32.5071 0.124756 
data/pulp.wav 2.50776 0.0865474 0.56462 0.000130936 -283.151 27.3962 1.58615 -0.876961 1.85353 -0.513476 0.303435 2.05877 0.674533 -0.443099 -4.22116e-14 0.443099 -0.674533 -2.05877 -0.303435 0.513476 -1.85353 0.876961 -1.58615 -27.3962 0.149414 
data/pulp.wav 2.78639 0.0961215 0.699652 0.000273195 -270.152 36.5386 -0.646482 -4.81063 0.706806 0.558404 -1.74334 -2.5715 -1.10723 0.840911 -4.05652e-14 -0.840911 1.10723 2.5715 1.74334 -0.558404 -0.706806 4.81063 0.646482 -36.5386 0.192139 
data/pulp.wav 3.06503 0.108579 0.710754 0.000373632 -274.99 29.4349 4.48352 6.4551 5.16736 4.61736 1.74316 0.939194 0.375661 0.78101 -4.2678e-14 -0.78101 -0.375661 -0.939194 -1.74316 -4.61736 -5.16736 -6.4551 -4.48352 -29.4349 0.233887 
data/pulp.wav 3.34367 0.0898744 0.44789 0.000426291 -269.553 34.8683 0.0835194 2.61574 7.96293 6.18935 2.1239 -3.2244 -4.02427 -1.07259 -3.88135e-14 1.07259 4.02427 3.2244 -2.1239 -6.18935 -7.96293 -2.61574 -0.0835194 -34.8683 0.180542 
data/pulp.wav 3.62231 0.112281 0.829039 0.000275521 -271.439 32.1362 3.31292 3.219 1.06581 0.689714 -0.473608 0.445866 -0.0687149 0.167234 -4.19178e-14 -0.167234 0.0687149 -0.445866 0.473608 -0.689714 -1.06581 -3.219 -3.31292 -32.1362 0.233521 
data/pulp.wav 3.90095 0.0946879 0.685263 0.000456039 -265.887 35.2341 0.0471106 3.103 5.45184 4.6821 0.61727 -2.63618 -3.3237 -2.12044 -4.01397e-14 2.12044 3.3237 2.63618 -0.61727 -4.6821 -5.45184 -3.103 -0.0471106 -35.2341 0.193359 
data/pulp.wav 4.17959 0.116261 0.584481 0.000403611 -264.292 31.2375 -3.36523 4.70892 5.75808 3.5631 -0.231056 -1.06484 -2.32457 -1.51361 -3.68661e-14 1.51361 2.32457 1.06484 0.231056 -3.5631 -5.75808 -4.70892 3.36523 -31.2375 0.231934 
data/pulp.wav 4.45823 0.109104 0.690475 0.000371579 -265.281 33.5967 -3.52294 2.46346 6.38889 4.10164 0.23891 -1.85333 -2.82848 -2.32603 -3.74118e-14 2.32603 2.82848 1.85333 -0.23891 -4.10164 -6.38889 -2.46346 3.52294 -33.5967 0.217285 
data/pulp.wav 4.73687 0.0755774 0.610117 0.000512862 -271.216 37.6659 8.53202 5.67689 1.90431 -3.228 -2.7068 1.6852 3.60179 1.40846 -4.05046e-14 -1.40846 -3.60179 -1.6852 2.7068 3.228 -1.90431 -5.67689 -8.53202 -37.6659 0.174927 
data/pulp.wav 5.01551 0.126111 0.661441 0.000387 -263.353 32.622 1.4413 6.2242 -1.44452 -3.10996 -2.91526 0.342114 1.05773 1.01772 -3.80338e-14 -1.01772 -1.05773 -0.342114 2.91526 3.10996 1.44452 -6.2242 -1.4413 -32.622 0.268311 
data/pulp.wav 5.29415 0.0911228 0.713773 0.000392675 -278.647 30.3923 10.8586 7.52495 1.849 1.45938 0.0963772 1.95279 1.31527 0.636382 -4.67715e-14 -0.636382 -1.31527 -1.95279 -0.0963772 -1.45938 -1.849 -7.52495 -10.8586 -30.3923 0.22937 
data/pulp.wav 5.57279 0.159093 0.511238 0.000333855 -271.835 22.9385 -0.721409 13.1337 6.55327 1.68243 0.0801099 -0.101025 -1.15027 -0.635444 -3.62996e-14 0.635444 1.15027 0.101025 -0.0801099 -1.68243 -6.55327 -13.1337 0.721409 -22.9385 0.303101 
data/pulp.wav 5.85143 0.123168 0.7194 0.000164348 -277.95 26.239 1.46691 4.36645 2.7194 0.73955 -0.694789 -1.38702 -0.975746 0.467241 -4.12011e-14 -0.467241 0.975746 1.38702 0.694789 -0.73955 -2.7194 -4.36645 -1.46691 -26.239 0.252075 
data/pulp.wav 6.13007 0.0720406 0.699774 0.000521627 -269.319 39.5232 5.70677 0.304847 3.17901 3.53323 0.329004 -2.45887 -2.50608 -1.03728 -4.38496e-14 1.03728 2.50608 2.45887 -0.329004 -3.53323 -3.17901 -0.304847 -5.70677 -39.5232 0.137329 
data/pulp.wav 6.40871 0.0804301 0.445933 0.000397099 -276.863 32.8641 9.26435 6.02107 1.77322 0.0593405 0.230783 0.733469 0.421976 0.372946 -4.40468e-14 -0.372946 -0.421976 -0.733469 -0.230783 -0.0593405 -1.77322 -6.02107 -9.26435 -32.8641 0.172119 
data/pulp.wav 6.68735 0.0720005 0.869461 0.000341002 -277.749 33.4611 5.8184 2.04488 3.53142 1.11813 0.653243 0.69625 0.229646 0.457343 -4.22039e-14 -0.457343 -0.229646 -0.69625 -0.653243 -1.11813 -3.53142 -2.04488 -5.8184 -33.4611 0.153442 
data/pulp.wav 6.96599 0.0729274 0.44807 0.000375015 -278.394 32.4685 6.37262 4.15716 5.05916 1.92819 1.52456 1.76261 0.532173 0.139665 -4.18478e-14 -0.139665 -0.532173 -1.76261 -1.52456 -1.92819 -5.05916 -4.15716 -6.37262 -32.4685 0.17041 
data/pulp.wav 7.24463 0.122037 0.680731 0.00026665 -269.213 30.2778 -0.12825 4.33487 1.40725 -0.0446282 -0.257834 -0.0105286 -1.1723 -0.856067 -3.89233e-14 0.856067 1.1723 0.0105286 0.257834 0.0446282 -1.40725 -4.33487 0.12825 -30.2778 0.250732 
data/pulp.wav 7.52327 0.0847805 0.5418 0.000291589 -276.634 31.4767 1.51874 2.12417 6.39594 2.78299 1.80715 1.78642 0.0258384 -0.523028 -3.93038e-14 0.523028 -0.0258384 -1.78642 -1.80715 -2.78299 -6.39594 -2.12417 -1.51874 -31.4767 0.181152 
data/pulp.wav 7.8019 0.0762783 0.313474 0.000357806 -278.557 31.3645 4.44356 3.95116 6.29307 2.94714 2.90163 2.61718 0.387795 0.03518 -4.02591e-14 -0.03518 -0.387795 -2.61718 -2.90163 -2.94714 -6.29307 -3.95116 -4.44356 -31.3645 0.175537 
data/pulp.wav 8.08054 0.124734 0.684601 0.000246311 -267.441 30.7369 -1.76921 3.23316 0.475546 -1.78597 -1.06761 0.707169 -0.438255 -0.911395 -3.7288e-14 0.911395 0.438255 -0.707169 1.06761 1.78597 -0.475546 -3.23316 1.76921 -30.7369 0.247681 
data/pulp.wav 8.35918 0.0635697 0.784241 0.00037671 -281.419 32.0393 9.02642 4.20653 4.46218 2.59859 1.56129 1.53203 0.668227 -0.0697251 -4.53145e-14 0.0697251 -0.668227 -1.53203 -1.56129 -2.59859 -4.46218 -4.20653 -9.02642 -32.0393 0.141113 
data/pulp.wav 8.63782 0.110769 0.541383 0.000265555 -277.347 28.1044 1.19499 3.42623 4.36833 3.96429 3.54098 0.769437 -0.829421 -0.0236032 -4.09597e-14 0.0236032 0.829421 -0.769437 -3.54098 -3.96429 -4.36833 -3.42623 -1.19499 -28.1044 0.250244 
data/pulp.wav 8.91646 0.182251 0.550111 0.000292218 -272.273 23.1508 3.74638 7.27295 3.42216 6.37254 1.28557 1.09118 -1.93297 0.326956 -4.50545e-14 -0.326956 1.93297 -1.09118 -1.28557 -6.37254 -3.42216 -7.27295 -3.74638 -23.1508 0.417603 
data/pulp.wav 9.1951 0.124879 0.736108 0.000434543 -266.12 27.8076 -5.86416 6.55858 9.91388 8.44149 3.75324 -0.933815 -2.5475 0.872338 -3.41351e-14 -0.872338 2.5475 0.933815 -3.75324 -8.44149 -9.91388 -6.55858 5.86416 -27.8076 0.255615 
data/pulp.wav 9.47374 0.113312 0.68183 0.000317286 -271.632 30.3813 1.55373 4.19338 3.48824 2.9277 0.840847 -0.0704392 -1.58559 -1.40435 -4.15572e-14 1.40435 1.58559 0.0704392 -0.840847 -2.9277 -3.48824 -4.19338 -1.55373 -30.3813 0.236328 
data/pulp.wav 9.75238 0.108637 0.878983 0.000368911 -265.295 33.3579 -5.84613 1.7621 8.94206 4.29763 -0.468115 -1.57652 -2.45832 -1.31084 -3.41526e-14 1.31084 2.45832 1.57652 0.468115 -4.29763 -8.94206 -1.7621 5.84613 -33.3579 0.199951 
data/pulp.wav 10.031 0.0824853 0.64501 0.000355853 -275.774 32.5049 2.07837 0.807476 6.911 6.03754 0.936376 -1.69348 -2.68658 -2.97035 -4.44633e-14 2.97035 2.68658 1.69348 -0.936376 -6.03754 -6.911 -0.807476 -2.07837 -32.5049 0.153564 
data/pulp.wav 10.3097 0.151911 0.613832 0.000319953 -262.131 27.9765 -4.06107 7.60595 3.64377 2.15509 -0.995031 -0.849941 -2.72192 -1.14616 -3.60583e-14 1.14616 2.72192 0.849941 0.995031 -2.15509 -3.64377 -7.60595 4.06107 -27.9765 0.296631 
data/pulp.wav 10.5883 0.094798 0.632173 0.000347377 -272.208 32.7075 2.11999 4.64557 6.19965 3.74337 1.08924 -1.30674 -1.05614 -0.338422 -4.00472e-14 0.338422 1.05614 1.30674 -1.08924 -3.74337 -6.19965 -4.64557 -2.11999 -32.7075 0.209351 
data/pulp.wav 10.8669 0.0851101 0.450595 0.000344226 -275.522 32.8171 3.29069 3.40175 8.48273 5.36412 0.224195 -1.48009 -1.53945 -0.932732 -4.20263e-14 0.932732 1.53945 1.48009 -0.224195 -5.36412 -8.48273 -3.40175 -3.29069 -32.8171 0.161865 
data/pulp.wav 11.1456 0.118954 0.929867 0.000263562 -267.122 32.2593 -0.793881 1.93124 -0.264876 -1.7996 -2.8013 -1.59299 -0.772636 0.392613 -3.85526e-14 -0.392613 0.772636 1.59299 2.8013 1.7996 0.264876 -1.93124 0.793881 -32.2593 0.22876 
data/pulp.wav 11.4242 0.0734795 0.714283 0.000336385 -276.179 34.4095 5.77381 1.02798 2.75439 2.14404 0.713264 -0.145003 -0.210458 0.128822 -4.38812e-14 -0.128822 0.210458 0.145003 -0.713264 -2.14404 -2.75439 -1.02798 -5.77381 -34.4095 0.147339 
data/pulp.wav 11.7029 0.0871525 0.525652 0.000292384 -274.318 34.6027 4.76021 0.308505 1.14028 0.856557 -0.69826 -1.64 -0.839005 0.391592 -4.34816e-14 -0.391592 0.839005 1.64 0.69826 -0.856557 -1.14028 -0.308505 -4.76021 -34.6027 0.177856 
data/pulp.wav 11.9815 0.146019 0.777871 0.000177214 -277.959 26.6315 4.25128 3.9263 1.07887 2.10158 -0.600503 -0.713464 -1.95627 -0.698264 -4.56532e-14 0.698264 1.95627 0.713464 0.600503 -2.10158 -1.07887 -3.9263 -4.25128 -26.6315 0.316528 
data/pulp.wav 12.2601 0.0710471 0.65174 0.000352902 -285.315 28.8061 10.4732 6.59776 4.60094 2.40627 1.61673 1.14275 0.427457 0.320608 -4.61477e-14 -0.320608 -0.427457 -1.14275 -1.61673 -2.40627 -4.60094 -6.59776 -10.4732 -28.8061 0.169556 
data/pulp.wav 12.5388 0.127201 0.636409 0.00027978 -268.35 28.2727 -0.550067 5.8891 0.703906 0.0793722 0.51369 0.595978 -1.36291 -0.696486 -3.85172e-14 0.696486 1.36291 -0.595978 -0.51369 -0.0793722 -0.703906 -5.8891 0.550067 -28.2727 0.247437 
data/pulp.wav 12.8174 0.0607877 0.715961 0.000394153 -281.229 32.5855 8.80535 3.97351 5.79277 3.7022 1.18436 0.461942 0.184345 0.0146794 -4.5427e-14 -0.0146794 -0.184345 -0.461942 -1.18436 -3.7022 -5.79277 -3.97351 -8.80535 -32.5855 0.131836 
data/pulp.wav 13.0961 0.0905925 0.457039 0.000240061 -280.389 30.1725 4.94635 3.14136 4.87779 1.67873 -0.425141 -0.263844 -0.430041 -0.540915 -4.31713e-14 0.540915 0.430041 0.263844 0.425141 -1.67873 -4.87779 -3.14136 -4.94635 -30.1725 0.193359 
data/pulp.wav 13.3747 0.115968 0.809151 0.000296856 -270.354 30.2013 0.633891 5.49632 2.65097 0.0528497 -0.247372 0.559306 0.313808 0.13618 -3.83696e-14 -0.13618 -0.313808 -0.559306 0.247372 -0.0528497 -2.65097 -5.49632 -0.633891 -30.2013 0.247803 
data/pulp.wav 13.6533 0.0709207 0.643342 0.000332744 -280.779 31.2615 7.68427 3.511 3.72515 2.591 1.61376 1.32307 0.544607 0.128993 -4.5044e-14 -0.128993 -0.544607 -1.32307 -1.61376 -2.591 -3.72515 -3.511 -7.68427 -31.2615 0.15564 
data/pulp.wav 13.932 0.0821246 0.468789 0.000226043 -284.998 28.0884 6.11955 1.88837 3.58527 2.67539 1.31174 0.482247 -0.204986 -0.206572 -4.59322e-14 0.206572 0.204986 -0.482247 -1.31174 -2.67539 -3.58527 -1.88837 -6.11955 -28.0884 0.175415 
data/pulp.wav 14.2106 0.108116 0.733897 0.0001582 -278.769 28.7341 0.986238 -0.0731313 1.06831 -0.586504 -0.626406 0.0998423 0.0571156 -0.15277 -4.18256e-14 0.15277 -0.0571156 -0.0998423 0.626406 0.586504 -1.06831 0.0731313 -0.986238 -28.7341 0.214844 
data/pulp.wav 14.4893 0.0611003 0.544575 0.00033077 -286.639 28.9895 10.7583 5.57437 4.70394 2.66197 2.13383 2.6023 1.73931 0.540193 -4.67267e-14 -0.540193 -1.73931 -2.6023 -2.13383 -2.66197 -4.70394 -5.57437 -10.7583 -28.9895 0.135864 
data/pulp.wav 14.7679 0.113202 0.788559 0.000285499 -267.992 32.765 -1.42808 0.358314 2.32205 3.30704 0.864353 -1.30774 -1.61182 -0.550308 -4.05193e-14 0.550308 1.61182 1.30774 -0.864353 -3.30704 -2.32205 -0.358314 1.42808 -32.765 0.221558 
data/pulp.wav 15.0465 0.0880409 0.926681 0.00037137 -271.409 35.221 2.88953 1.00362 2.4907 1.11699 0.237781 -0.154675 -0.59796 -0.238089 -4.08217e-14 0.238089 0.59796 0.154675 -0.237781 -1.11699 -2.4907 -1.00362 -2.88953 -35.221 0.16687 
data/pulp.wav 15.3252 0.0869695 0.807353 0.000414014 -268.047 37.2135 -0.325285 -2.30148 2.91666 1.47011 -0.0331238 1.75283 1.71247 0.251102 -3.92278e-14 -0.251102 -1.71247 -1.75283 0.0331238 -1.47011 -2.91666 2.30148 0.325285 -37.2135 0.160645 
data/pulp.wav 15.6038 0.156674 0.704013 0.000257266 -265.505 27.009 -0.853815 6.76141 0.716449 1.96283 -0.295873 -0.656352 -2.48366 0.322776 -3.92714e-14 -0.322776 2.48366 0.656352 0.295873 -1.96283 -0.716449 -6.76141 0.853815 -27.009 0.29895 
data/pulp.wav 15.8824 0.121178 0.723179 0.000313278 -269.108 30.6079 -1.52632 3.67838 7.63626 6.12838 -0.0657316 -1.21032 -2.78316 -1.87843 -4.02025e-14 1.87843 2.78316 1.21032 0.0657316 -6.12838 -7.63626 -3.67838 1.52632 -30.6079 0.238525 
data/pulp.wav 16.1611 0.0752995 0.537468 0.000279895 -277.379 35.56 7.13554 -1.37811 1.86686 4.19932 1.50806 -1.6329 -2.26688 -1.18953 -4.78956e-14 1.18953 2.26688 1.6329 -1.50806 -4.19932 -1.86686 1.37811 -7.13554 -35.56 0.142212 
data/pulp.wav 16.4397 0.133946 0.770802 0.000234165 -269.519 28.8374 0.881396 5.18821 -0.0964152 -1.24949 -0.993803 0.693361 -0.972081 -0.754527 -3.9634e-14 0.754527 0.972081 -0.693361 0.993803 1.24949 0.0964152 -5.18821 -0.881396 -28.8374 0.275757 
data/pulp.wav 16.7184 0.0754945 0.769011 0.000396676 -274.587 35.9881 7.87602 1.16381 -0.285595 0.585132 0.986675 1.29378 2.48595 2.63933 -4.41858e-14 -2.63933 -2.48595 -1.29378 -0.986675 -0.585132 0.285595 -1.16381 -7.87602 -35.9881 0.157959 
data/pulp.wav 16.997 0.0887785 0.492558 0.000258404 -278.29 32.1975 4.8229 -0.105049 2.54446 3.19391 1.25516 -0.173064 -1.67634 -1.50542 -4.56932e-14 1.50542 1.67634 0.173064 -1.25516 -3.19391 -2.54446 0.105049 -4.8229 -32.1975 0.174194 
data/pulp.wav 17.2756 0.101718 0.791564 0.000233643 -272.763 32.9228 1.04741 1.20044 3.23607 1.16237 -0.210841 -0.990546 -0.725889 0.112723 -3.98572e-14 -0.112723 0.725889 0.990546 0.210841 -1.16237 -3.23607 -1.20044 -1.04741 -32.9228 0.203735 
data/pulp.wav 17.5543 0.0945557 0.668621 0.00039343 -271.264 33.489 3.86835 4.62158 2.1005 -0.126119 1.1865 1.88942 0.875631 0.604357 -3.91376e-14 -0.604357 -0.875631 -1.88942 -1.1865 0.126119 -2.1005 -4.62158 -3.86835 -33.489 0.193237 
data/pulp.wav 17.8329 0.104199 0.688434 0.000283247 -270.27 32.9308 3.56449 4.17867 0.94626 -1.88354 -3.14005 -0.154236 1.09309 0.574668 -4.06462e-14 -0.574668 -1.09309 0.154236 3.14005 1.88354 -0.94626 -4.17867 -3.56449 -32.9308 0.216919 
data/pulp.wav 18.1116 0.0744362 0.717702 0.000362121 -275.302 34.6355 4.53679 1.15978 4.76262 3.14752 0.718789 -0.588149 -1.5893 -1.11299 -4.28931e-14 1.11299 1.5893 0.588149 -0.718789 -3.14752 -4.76262 -1.15978 -4.53679 -34.6355 0.151245 
data/pulp.wav 18.3902 0.0667039 0.42069 0.000305983 -284.632 31.4776 12.2085 3.43365 -0.2421 0.128509 1.7983 1.16891 -0.0624694 0.100933 -4.82115e-14 -0.100933 0.0624694 -1.16891 -1.7983 -0.128509 0.2421 -3.43365 -12.2085 -31.4776 0.144409 
data/pulp.wav 18.6688 0.126993 0.759521 0.000245465 -268.808 28.8643 -0.43592 4.66344 -0.132921 -0.913459 -0.533893 0.540785 -0.533247 -0.643989 -3.92314e-14 0.643989 0.533247 -0.540785 0.533893 0.913459 0.132921 -4.66344 0.43592 -28.8643 0.242798 
data/pulp.wav 18.9475 0.0733008 0.62465 0.000274048 -282.813 30.9834 9.13461 4.17023 4.19902 2.27001 0.744602 0.55589 -0.0388128 -0.406115 -4.61204e-14 0.406115 0.0388128 -0.55589 -0.744602 -2.27001 -4.19902 -4.17023 -9.13461 -30.9834 0.16333 
data/pulp.wav 19.2261 0.0983221 0.611622 0.000166641 -280.747 29.1208 2.72212 1.32223 3.95703 0.255594 -1.41716 -0.348061 -1.20407 -1.95967 -4.27565e-14 1.95967 1.20407 0.348061 1.41716 -0.255594 -3.95703 -1.32223 -2.72212 -29.1208 0.19812 
data/pulp.wav 19.5048 0.127421 0.715424 0.000211605 -269.686 29.1737 -1.90298 2.68823 0.830491 -0.296477 -0.879621 -0.133521 -0.322406 -0.0727317 -3.87338e-14 0.0727317 0.322406 0.133521 0.879621 0.296477 -0.830491 -2.68823 1.90298 -29.1737 0.248657 
data/pulp.wav 19.7834 0.0734221 0.634678 0.000329677 -281.501 30.6753 8.19359 4.05993 3.91768 2.79899 1.42373 1.16555 0.24256 -0.343587 -4.58543e-14 0.343587 -0.24256 -1.16555 -1.42373 -2.79899 -3.91768 -4.05993 -8.19359 -30.6753 0.171509 
data/pulp.wav 20.062 0.091028 0.474694 0.000172146 -286.6 26.5845 6.17202 1.68699 2.4255 1.88627 0.804961 0.480016 0.240903 -0.0132114 -4.68108e-14 0.0132114 -0.240903 -0.480016 -0.804961 -1.88627 -2.4255 -1.68699 -6.17202 -26.5845 0.193848 
data/pulp.wav 20.3407 0.101511 0.740299 0.00017874 -279.943 29.0656 2.50745 0.762723 2.13815 0.516638 0.417071 0.693116 0.275099 0.13722 -4.22969e-14 -0.13722 -0.275099 -0.693116 -0.417071 -0.516638 -2.13815 -0.762723 -2.50745 -29.0656 0.206177 
data/pulp.wav 20.6193 0.110624 0.598207 0.000351963 -283.272 26.2903 10.196 8.62032 3.6515 3.85066 2.48645 2.2788 0.847737 0.621838 -4.72722e-14 -0.621838 -0.847737 -2.2788 -2.48645 -3.85066 -3.6515 -8.62032 -10.196 -26.2903 0.267578 
data/pulp.wav 20.898 0.132604 0.719737 0.000360736 -259.507 34.0564 -2.10361 2.88853 0.591518 0.797824 -1.74462 -1.42476 -2.4729 -0.0886238 -3.73076e-14 0.0886238 2.4729 1.42476 1.74462 -0.797824 -0.591518 -2.88853 2.10361 -34.0564 0.266724 
data/pulp.wav 21.1766 0.10198 0.771484 0.00036276 -266.348 34.9965 -3.4164 -0.463252 7.58059 4.14199 -1.59787 -0.810515 -2.3278 -1.49868 -3.7186e-14 1.49868 2.3278 0.810515 1.59787 -4.14199 -7.58059 0.463252 3.4164 -34.9965 0.168701 
data/pulp.wav 21.4552 0.168513 0.636765 0.000322489 -269.767 25.9941 1.17917 4.4926 4.15295 7.26724 0.398889 -0.636092 -2.62522 -0.234692 -4.46204e-14 0.234692 2.62522 0.636092 -0.398889 -7.26724 -4.15295 -4.4926 -1.17917 -25.9941 0.350586 
data/pulp.wav 21.7339 0.13921 0.722658 0.000298459 -262.535 30.8683 -4.38104 4.49288 3.35715 2.41553 -0.00416185 -1.98184 -2.79208 -0.756527 -3.60243e-14 0.756527 2.79208 1.98184 0.00416185 -2.41553 -3.35715 -4.49288 4.38104 -30.8683 0.273682 
data/pulp.wav 22.0125 0.0937565 0.843075 0.00035572 -268.384 36.0889 3.2597 4.0846 2.19427 -2.47724 -2.27903 0.327897 1.97228 1.5485 -3.73486e-14 -1.5485 -1.97228 -0.327897 2.27903 2.47724 -2.19427 -4.0846 -3.2597 -36.0889 0.19519 
data/pulp.wav 22.2912 0.098156 0.605618 0.000238911 -282.015 30.3197 9.88945 4.67046 1.19921 -0.780684 -1.58813 0.607815 1.46008 1.34737 -4.59485e-14 -1.34737 -1.46008 -0.607815 1.58813 0.780684 -1.19921 -4.67046 -9.88945 -30.3197 0.229248 
data/pulp.wav 22.5698 0.158482 0.802152 0.000187417 -274.33 26.0326 3.10603 3.83825 -1.78726 0.334885 -0.775557 0.939985 -0.258464 0.0252615 -4.48079e-14 -0.0252615 0.258464 -0.939985 0.775557 -0.334885 1.78726 -3.83825 -3.10603 -26.0326 0.354248 
data/pulp.wav 22.8484 0.0983798 0.810271 0.000401482 -269.086 33.914 2.73319 6.05681 4.03334 -1.26635 -2.57396 -0.462812 1.44365 1.56909 -3.71081e-14 -1.56909 -1.44365 0.462812 2.57396 1.26635 -4.03334 -6.05681 -2.73319 -33.914 0.210693 
data/pulp.wav 23.1271 0.172883 0.811247 0.000278416 -263.823 23.6937 -5.10928 10.328 3.22995 0.223619 -2.2611 -0.645433 -0.392248 1.03238 -3.42221e-14 -1.03238 0.392248 0.645433 2.2611 -0.223619 -3.22995 -10.328 5.10928 -23.6937 0.310791 
data/pulp.wav 23.4057 0.102895 0.77501 0.000261646 -271 33.3669 0.279418 0.90624 3.64439 2.22184 -0.911107 -1.57239 -0.34354 -0.587663 -4.1198e-14 0.587663 0.34354 1.57239 0.911107 -2.22184 -3.64439 -0.90624 -0.279418 -33.3669 0.201172 
data/pulp.wav 23.6844 0.0933265 0.724515 0.000436663 -263.226 37.4863 -3.99743 -0.704049 4.65241 0.903392 -0.393575 -0.48761 -1.5862 -0.801794 -3.40512e-14 0.801794 1.5862 0.48761 0.393575 -0.903392 -4.65241 0.704049 3.99743 -37.4863 0.162476 
data/pulp.wav 23.963 0.125228 0.713059 0.000402607 -261.286 31.2289 -3.5531 4.39657 2.58026 3.29255 0.716482 0.301962 -1.45893 -1.14146 -3.78519e-14 1.14146 1.45893 -0.301962 -0.716482 -3.29255 -2.58026 -4.39657 3.5531 -31.2289 0.243408 
data/pulp.wav 24.2416 0.109285 0.765728 0.000303197 -273.902 29.3886 0.894083 3.78649 4.91322 3.08088 0.674936 0.459072 -1.16796 -0.910294 -4.05757e-14 0.910294 1.16796 -0.459072 -0.674936 -3.08088 -4.91322 -3.78649 -0.894083 -29.3886 0.219482 
data/pulp.wav 24.5203 0.0878059 0.569091 0.000414372 -268.263 36.544 0.543223 0.517423 5.10536 3.7655 0.50005 -1.49646 -1.93218 -1.85996 -4.05558e-14 1.85996 1.93218 1.49646 -0.50005 -3.7655 -5.10536 -0.517423 -0.543223 -36.544 0.164795 
data/pulp.wav 24.7989 0.1266 0.672358 0.000284914 -264.341 30.9598 -2.63705 4.03496 1.41394 -0.509302 -1.44889 -0.43372 -1.70173 -0.928759 -3.66448e-14 0.928759 1.70173 0.43372 1.44889 0.509302 -1.41394 -4.03496 2.63705 -30.9598 0.247681 
data/pulp.wav 25.0776 0.0885197 0.75138 0.000365713 -278.613 29.6298 5.76145 5.6627 4.89866 2.55799 1.43816 2.08517 0.834346 -0.400729 -4.30392e-14 0.400729 -0.834346 -2.08517 -1.43816 -2.55799 -4.89866 -5.6627 -5.76145 -29.6298 0.204468 
data/pulp.wav 25.3562 0.0876345 0.347093 0.000277196 -282.401 28.5339 4.2957 2.84757 5.3788 2.68795 1.72154 2.33665 0.821664 -0.43637 -4.29724e-14 0.43637 -0.821664 -2.33665 -1.72154 -2.68795 -5.3788 -2.84757 -4.2957 -28.5339 0.187744 
data/pulp.wav 25.6348 0.10822 0.811951 0.000206699 -274.955 30.3068 1.743 3.02712 3.16978 0.462777 -0.841063 -0.341579 -0.783722 -1.05016 -4.09645e-14 1.05016 0.783722 0.341579 0.841063 -0.462777 -3.16978 -3.02712 -1.743 -30.3068 0.21106 
data/pulp.wav 25.9135 0.08439 0.738804 0.00040638 -279.842 29.303 8.74152 7.85804 5.37827 4.10704 1.86659 1.27291 0.233947 -0.13771 -4.54061e-14 0.13771 -0.233947 -1.27291 -1.86659 -4.10704 -5.37827 -7.85804 -8.74152 -29.303 0.210327 
data/pulp.wav 26.1921 0.105047 0.701141 0.000242501 -275.795 29.045 4.9036 4.9564 3.37516 2.74458 0.212528 -0.00489517 -1.09186 -0.786279 -4.40784e-14 0.786279 1.09186 0.00489517 -0.212528 -2.74458 -3.37516 -4.9564 -4.9036 -29.045 0.223633 
data/pulp.wav 26.4707 0.121917 0.634049 0.000188952 -275.896 28.9176 2.38169 4.5395 2.98654 1.17074 0.566588 -0.182243 -0.614885 -0.283896 -4.11313e-14 0.283896 0.614885 0.182243 -0.566588 -1.17074 -2.98654 -4.5395 -2.38169 -28.9176 0.264648 
data/pulp.wav 26.7494 0.118646 0.765408 0.000315503 -270.428 29.1365 0.383478 6.7013 3.30344 1.89573 2.02019 0.610103 -0.767685 -0.423284 -3.84878e-14 0.423284 0.767685 -0.610103 -2.02019 -1.89573 -3.30344 -6.7013 -0.383478 -29.1365 0.253784 
data/pulp.wav 27.028 0.121159 0.82786 0.000430209 -263.617 32.6781 -0.0670497 5.86238 0.758835 0.765979 1.99853 1.48773 -0.407927 -0.565317 -3.76308e-14 0.565317 0.407927 -1.48773 -1.99853 -0.765979 -0.758835 -5.86238 0.0670497 -32.6781 0.264771 
data/pulp.wav 27.3067 0.142313 0.801608 0.000404657 -262.453 28.3311 -5.0514 9.25657 6.7358 1.67712 -0.788343 0.856189 -0.338375 -1.04409 -3.30051e-14 1.04409 0.338375 -0.856189 0.788343 -1.67712 -6.7358 -9.25657 5.0514 -28.3311 0.264771 
data/pulp.wav 27.5853 0.103152 0.502363 0.000375447 -272.115 33.5945 3.98424 2.07886 2.78422 2.03028 -0.687864 1.85286 3.15841 2.08672 -4.242e-14 -2.08672 -3.15841 -1.85286 0.687864 -2.03028 -2.78422 -2.07886 -3.98424 -33.5945 0.215698 
data/pulp.wav 27.8639 0.134539 0.700353 0.000202263 -270.274 28.0717 -4.2114 2.06155 1.8234 -0.433424 -0.65625 0.686122 0.481582 0.283169 -3.6694e-14 -0.283169 -0.481582 -0.686122 0.65625 0.433424 -1.8234 -2.06155 4.2114 -28.0717 0.255981 
data/pulp.wav 28.1426 0.0938474 0.852044 0.00042304 -264.988 36.831 0.0645944 -1.60046 0.0834636 1.85813 0.564562 0.92153 0.644129 0.85961 -4.0415e-14 -0.85961 -0.644129 -0.92153 -0.564562 -1.85813 -0.0834636 1.60046 -0.0645944 -36.831 0.189697 
data/pulp.wav 28.4212 0.104961 0.616685 0.000275008 -272.955 31.9279 -0.813145 1.21712 5.15495 0.860038 -0.58049 1.4382 0.580409 -0.55127 -3.7904e-14 0.55127 -0.580409 -1.4382 0.58049 -0.860038 -5.15495 -1.21712 0.813145 -31.9279 0.199707 
data/pulp.wav 28.6999 0.0918117 0.928209 0.000356944 -273.257 34.0387 3.63124 2.68579 3.81325 1.72312 0.148596 -0.714126 -0.502121 -0.396393 -4.14407e-14 0.396393 0.502121 0.714126 -0.148596 -1.72312 -3.81325 -2.68579 -3.63124 -34.0387 0.190186 
data/pulp.wav 28.9785 0.107349 0.584319 0.000473025 -271.962 29.8407 6.70611 9.19309 2.59669 2.70263 2.14157 3.03156 2.75406 2.64081 -4.19545e-14 -2.64081 -2.75406 -3.03156 -2.14157 -2.70263 -2.59669 -9.19309 -6.70611 -29.8407 0.247925 
data/pulp.wav 29.2571 0.12229 0.621966 0.000316951 -268.867 31.8711 2.33765 6.25554 3.13606 -1.42095 -3.19177 0.839057 1.8024 1.6788 -3.76558e-14 -1.6788 -1.8024 -0.839057 3.19177 1.42095 -3.13606 -6.25554 -2.33765 -31.8711 0.25061 
data/pulp.wav 29.5358 0.0859857 0.755647 0.000240191 -275.31 33.9724 3.79602 0.491729 2.97897 0.892571 -1.07197 -0.445916 0.93822 1.18624 -4.19542e-14 -1.18624 -0.93822 0.445916 1.07197 -0.892571 -2.97897 -0.491729 -3.79602 -33.9724 0.16394 
data/pulp.wav 29.8144 0.0824001 0.543748 0.000467555 -270.881 36.196 4.71227 4.86986 5.12938 -1.04243 -3.17552 -0.849203 0.635899 0.262258 -3.87329e-14 -0.262258 -0.635899 0.849203 3.17552 1.04243 -5.12938 -4.86986 -4.71227 -36.196 0.169067 
data/pulp.wav 30.0931 0.19826 0.754981 0.000296666 -259.355 24.3362 -1.79893 7.74249 -1.8123 0.348701 -2.51264 0.780275 -0.502826 0.256575 -3.99148e-14 -0.256575 0.502826 -0.780275 2.51264 -0.348701 1.8123 -7.74249 1.79893 -24.3362 0.377563 
data/pulp.wav 30.3717 0.0903601 0.733075 0.000476434 -267.755 35.7841 1.19776 3.08664 6.83105 4.7625 0.589341 -1.51627 -2.10732 -1.23399 -3.9687e-14 1.23399 2.10732 1.51627 -0.589341 -4.7625 -6.83105 -3.08664 -1.19776 -35.7841 0.18457 
data/pulp.wav 30.6503 0.0763952 0.445242 0.000351496 -280.709 32.1688 9.37269 4.85486 4.58349 3.41499 1.4073 -0.523449 -0.907966 -0.0553828 -4.58479e-14 0.0553828 0.907966 0.523449 -1.4073 -3.41499 -4.58349 -4.85486 -9.37269 -32.1688 0.173828 
data/pulp.wav 30.929 0.124012 0.800232 0.000196876 -272.123 28.3251 -1.78816 3.62955 3.181 0.305078 -0.748443 -0.585674 -1.22204 -0.568339 -3.79644e-14 0.568339 1.22204 0.585674 0.748443 -0.305078 -3.181 -3.62955 1.78816 -28.3251 0.238037 
data/pulp.wav 31.2076 0.0833385 0.699409 0.000416876 -274.861 32.4908 3.26858 3.10713 5.98537 3.68672 1.9097 2.16379 0.628652 -0.343265 -4.10358e-14 0.343265 -0.628652 -2.16379 -1.9097 -3.68672 -5.98537 -3.10713 -3.26858 -32.4908 0.181274 
data/pulp.wav 31.4863 0.108849 0.48792 0.000280205 -271.569 31.1588 -0.810359 2.67982 4.10796 1.02988 0.713009 1.41403 0.189658 -0.0594714 -3.73799e-14 0.0594714 -0.189658 -1.41403 -0.713009 -1.02988 -4.10796 -2.67982 0.810359 -31.1588 0.2229 
data/pulp.wav 31.7649 0.0871431 0.784079 0.000319816 -276.151 31.0975 1.75954 3.34209 5.65564 1.56716 1.83462 2.11684 0.11664 -0.430047 -3.8369e-14 0.430047 -0.11664 -2.11684 -1.83462 -1.56716 -5.65564 -3.34209 -1.75954 -31.0975 0.18457 
data/pulp.wav 32.0435 0.0716666 0.533529 0.000394004 -276.732 32.9497 5.80854 4.08678 5.42105 3.2662 2.65155 2.44131 0.899395 0.200871 -4.18207e-14 -0.200871 -0.899395 -2.44131 -2.65155 -3.2662 -5.42105 -4.08678 -5.80854 -32.9497 0.165527 
data/pulp.wav 32.3222 0.119743 0.56599 0.000340532 -268.156 29.0294 -0.130855 5.44296 3.03746 2.49389 0.442921 1.59417 -0.218122 -0.407305 -3.96256e-14 0.407305 0.218122 -1.59417 -0.442921 -2.49389 -3.03746 -5.44296 0.130855 -29.0294 0.245972 
data/pulp.wav 32.6008 0.0840199 0.604302 0.000231128 -279.282 31.0147 3.23238 0.495967 4.47919 2.78171 0.849509 1.05123 0.990352 0.5626 -4.27576e-14 -0.5626 -0.990352 -1.05123 -0.849509 -2.78171 -4.47919 -0.495967 -3.23238 -31.0147 0.17395 
data/pulp.wav 32.8795 0.0822531 0.45375 0.000361449 -274.86 33.0635 2.8812 1.30303 4.5274 3.00029 1.25999 1.74836 1.39553 0.423936 -4.16161e-14 -0.423936 -1.39553 -1.74836 -1.25999 -3.00029 -4.5274 -1.30303 -2.8812 -33.0635 0.176392 
data/pulp.wav 33.1581 0.12757 0.681404 0.000369527 -262.561 32.1766 1.91558 7.88247 -1.1067 -1.60816 -0.646883 0.725826 0.421164 1.16147 -3.77381e-14 -1.16147 -0.421164 -0.725826 0.646883 1.60816 1.1067 -7.88247 -1.91558 -32.1766 0.281372 
data/pulp.wav 33.4367 0.0800905 0.675497 0.000470006 -266.325 39.4754 3.4997 -0.98342 -0.430951 1.48919 2.06623 1.03463 0.617211 -0.00464217 -4.20304e-14 0.00464217 -0.617211 -1.03463 -2.06623 -1.48919 0.430951 0.98342 -3.4997 -39.4754 0.161743 
data/pulp.wav 33.7154 0.104036 0.657058 0.000381247 -263.806 35.4082 -3.65178 1.03253 6.45481 2.94981 -1.82175 -0.654166 -1.43179 -2.6675 -3.74221e-14 2.6675 1.43179 0.654166 1.82175 -2.94981 -6.45481 -1.03253 3.65178 -35.4082 0.183472 
data/pulp.wav 33.994 0.188419 0.78349 0.000215118 -265.022 24.4717 -2.03526 5.74448 -1.51037 1.36174 -2.3754 1.09522 -1.11989 -0.352775 -4.18379e-14 0.352775 1.11989 -1.09522 2.3754 -1.36174 1.51037 -5.74448 2.03526 -24.4717 0.389771 
data/pulp.wav 34.2727 0.110746 0.835912 0.000458282 -259.857 34.6555 -8.90466 -0.43899 6.03018 4.20902 1.83557 1.12319 -0.679691 -1.87988 -3.34862e-14 1.87988 0.679691 -1.12319 -1.83557 -4.20902 -6.03018 0.43899 8.90466 -34.6555 0.206665 
data/pulp.wav 34.5513 0.118816 0.504871 0.000299576 -271.97 29.3652 1.84316 3.66892 3.48297 2.27032 0.0561602 1.40834 -0.590667 0.0613744 -4.0611e-14 -0.0613744 0.590667 -1.40834 -0.0561602 -2.27032 -3.48297 -3.66892 -1.84316 -29.3652 0.258179 
data/pulp.wav 34.8299 0.0991383 0.784112 0.000345688 -276.055 30.0362 2.77171 3.89578 7.35078 5.68623 1.11798 1.06866 0.542455 0.968199 -4.18517e-14 -0.968199 -0.542455 -1.06866 -1.11798 -5.68623 -7.35078 -3.89578 -2.77171 -30.0362 0.196289 
data/pulp.wav 35.1086 0.0944965 0.671666 0.000413888 -267.414 33.9846 -2.69978 2.2563 8.91727 5.50546 0.805232 -0.15372 -1.58985 -2.41444 -3.77493e-14 2.41444 1.58985 0.15372 -0.805232 -5.50546 -8.91727 -2.2563 2.69978 -33.9846 0.178589 
data/pulp.wav 35.3872 0.168847 0.745951 0.000316319 -265.815 25.9656 -1.963 5.88836 1.18379 3.93592 0.600169 0.451646 -1.59577 -0.626713 -4.12364e-14 0.626713 1.59577 -0.451646 -0.600169 -3.93592 -1.18379 -5.88836 1.963 -25.9656 0.343018 
data/pulp.wav 35.6659 0.106991 0.636207 0.00022426 -275.478 29.4384 -0.408249 2.86198 6.1832 2.51301 0.521004 0.585944 -0.536083 -0.758474 -3.88956e-14 0.758474 0.536083 -0.585944 -0.521004 -2.51301 -6.1832 -2.86198 0.408249 -29.4384 0.216553 
data/pulp.wav 35.9445 0.111134 0.586879 0.000474919 -259.621 35.8031 -9.96006 0.157887 9.78915 3.42112 -1.27334 -0.343875 -1.52558 -3.57808 -3.15943e-14 3.57808 1.52558 0.343875 1.27334 -3.42112 -9.78915 -0.157887 9.96006 -35.8031 0.181641 
data/pulp.wav 36.2231 0.138117 0.699799 0.000350429 -259.321 31.0058 -6.63976 4.61486 3.53282 1.80001 -0.578687 -0.787373 -2.68867 -2.5534 -3.4832e-14 2.5534 2.68867 0.787373 0.578687 -1.80001 -3.53282 -4.61486 6.63976 -31.0058 0.255127 
data/pulp.wav 36.5018 0.116658 0.839761 0.000453657 -261.832 32.9997 -4.53057 3.65233 8.7195 6.96714 -2.22498 -2.0971 -1.93112 -3.87938 -4.0403e-14 3.87938 1.93112 2.0971 2.22498 -6.96714 -8.7195 -3.65233 4.53057 -32.9997 0.2146 
data/pulp.wav 36.7804 0.0895887 0.543101 0.000366444 -273.146 34.6811 4.23579 2.08633 4.33027 2.50178 -0.777172 -1.41202 -1.42066 -1.18479 -4.29455e-14 1.18479 1.42066 1.41202 0.777172 -2.50178 -4.33027 -2.08633 -4.23579 -34.6811 0.182739 
data/pulp.wav 37.059 0.115566 0.780239 0.000189698 -273.226 28.6766 -2.77567 1.17734 2.79303 0.455477 -0.0259798 0.29434 -0.793955 -0.867445 -3.82517e-14 0.867445 0.793955 -0.29434 0.0259798 -0.455477 -2.79303 -1.17734 2.77567 -28.6766 0.220581 
data/pulp.wav 37.3377 0.0814696 0.715222 0.000376353 -272.21 34.6912 3.15155 2.05084 3.95871 2.03532 1.86991 2.00687 0.387045 0.34789 -3.95891e-14 -0.34789 -0.387045 -2.00687 -1.86991 -2.03532 -3.95871 -2.05084 -3.15155 -34.6912 0.18042 
data/pulp.wav 37.6163 0.119408 0.607406 0.000228085 -272.689 30.6998 -0.0422822 1.24669 1.34349 -0.260649 -0.146523 1.17043 0.57752 0.0754454 -3.95614e-14 -0.0754454 -0.57752 -1.17043 0.146523 0.260649 -1.34349 -1.24669 0.0422822 -30.6998 0.241211 
data/pulp.wav 37.895 0.0855759 0.747547 0.00030569 -277.171 32.4169 3.05797 0.0204625 3.74081 2.70407 0.851537 0.240738 0.448546 0.794276 -4.24452e-14 -0.794276 -0.448546 -0.240738 -0.851537 -2.70407 -3.74081 -0.0204625 -3.05797 -32.4169 0.166748 
data/pulp.wav 38.1736 0.066286 0.734917 0.000408714 -278.323 34.0072 8.2584 3.31036 4.34347 2.86795 0.694839 -0.163003 -0.156147 0.0502373 -4.49783e-14 -0.0502373 0.156147 0.163003 -0.694839 -2.86795 -4.34347 -3.31036 -8.2584 -34.0072 0.142456 
data/pulp.wav 38.4522 0.114421 0.585543 0.000274749 -272.582 27.5513 2.04642 6.35728 1.949 0.920438 0.21417 0.649138 -0.960832 -0.470895 -4.07617e-14 0.470895 0.960832 -0.649138 -0.21417 -0.920438 -1.949 -6.35728 -2.04642 -27.5513 0.237305 
data/pulp.wav 38.7309 0.0844516 0.597807 0.000280574 -279.82 30.7075 4.87781 1.97296 4.01659 3.31391 2.95122 2.97461 1.74882 0.616157 -4.33773e-14 -0.616157 -1.74882 -2.97461 -2.95122 -3.31391 -4.01659 -1.97296 -4.87781 -30.7075 0.183472 
data/pulp.wav 39.0095 0.0833607 0.662746 0.000323893 -275.945 33.7735 5.02922 1.1529 2.8584 1.45902 0.0372967 0.683069 0.567652 -0.110461 -4.33685e-14 0.110461 -0.567652 -0.683069 -0.0372967 -1.45902 -2.8584 -1.1529 -5.02922 -33.7735 0.173096 
data/pulp.wav 39.2882 0.143207 0.830117 0.000284959 -263.035 29.5825 -3.31857 5.13571 1.57824 1.05448 -0.875934 -0.572727 -1.12423 -0.0382985 -3.70221e-14 0.0382985 1.12423 0.572727 0.875934 -1.05448 -1.57824 -5.13571 3.31857 -29.5825 0.289551 
data/pulp.wav 39.5668 0.105718 0.871338 0.000482083 -260.997 36.0729 -3.30812 1.47945 6.20774 4.86847 -0.983224 -1.30439 -2.13247 -2.18222 -3.83045e-14 2.18222 2.13247 1.30439 0.983224 -4.86847 -6.20774 -1.47945 3.30812 -36.0729 0.200928 
data/pulp.wav 39.8454 0.0976649 0.592662 0.000314272 -274.303 33.6284 3.24722 -0.665913 1.73616 1.8708 -0.288942 -0.210453 -0.410066 -0.63637 -4.39975e-14 0.63637 0.410066 0.210453 0.288942 -1.8708 -1.73616 0.665913 -3.24722 -33.6284 0.200562 
data/pulp.wav 40.1241 0.121078 0.819654 0.00022717 -270.979 30.3515 0.636935 2.63401 -1.25099 -2.54714 -1.64416 -0.00255284 0.478485 1.03216 -3.92627e-14 -1.03216 -0.478485 0.00255284 1.64416 2.54714 1.25099 -2.63401 -0.636935 -30.3515 0.24292 
data/pulp.wav 40.4027 0.0850716 0.648513 0.000446129 -270.224 35.8608 4.65633 1.7742 2.43652 3.66558 2.0862 1.0438 -0.811992 -1.90864 -4.42155e-14 1.90864 0.811992 -1.0438 -2.0862 -3.66558 -2.43652 -1.7742 -4.65633 -35.8608 0.181885 
data/pulp.wav 40.6814 0.117762 0.707415 0.000332301 -263.775 34.8628 -2.22182 0.716511 2.41389 2.44165 -1.08506 -1.7882 -0.00102958 0.788219 -3.89234e-14 -0.788219 0.00102958 1.7882 1.08506 -2.44165 -2.41389 -0.716511 2.22182 -34.8628 0.238037 
data/pulp.wav 40.96 0.0871865 0.8182 0.000371075 -269.037 36.8223 0.426713 -0.838007 4.7293 2.94186 -0.673855 -1.2368 0.377841 1.04935 -3.96023e-14 -1.04935 -0.377841 1.2368 0.673855 -2.94186 -4.7293 0.838007 -0.426713 -36.8223 0.158691 
data/pulp.wav 41.2386 0.0919875 0.67804 0.000444531 -265.213 37.2208 -1.58516 -0.67871 4.54097 2.56546 -0.298324 0.699018 0.96423 -0.0752741 -3.80359e-14 0.0752741 -0.96423 -0.699018 0.298324 -2.56546 -4.54097 0.67871 1.58516 -37.2208 0.168701 
data/pulp.wav 41.5173 0.138239 0.668432 0.000314398 -265.533 28.94 -1.58899 4.04545 -0.364116 0.770624 -0.508357 -0.177756 -1.10479 -0.299003 -3.97492e-14 0.299003 1.10479 0.177756 0.508357 -0.770624 0.364116 -4.04545 1.58899 -28.94 0.286621 
data/pulp.wav 41.7959 0.0975035 0.673298 0.00032876 -269.87 33.7897 -2.00643 0.230955 6.42865 3.14582 -0.609366 -0.452503 -0.96917 -1.3987 -3.84947e-14 1.3987 0.96917 0.452503 0.609366 -3.14582 -6.42865 -0.230955 2.00643 -33.7897 0.174194 
data/pulp.wav 42.0746 0.101227 0.716084 0.00032414 -268.571 33.9902 0.0170977 -0.272623 2.21971 2.77684 -0.247549 0.143566 -0.677472 -1.9213 -4.25434e-14 1.9213 0.677472 -0.143566 0.247549 -2.77684 -2.21971 0.272623 -0.0170977 -33.9902 0.189331 
data/pulp.wav 42.3532 0.129841 0.73871 0.000296397 -264.051 31.5163 -0.790782 3.71826 -2.19226 -2.4309 -2.39434 -0.0211914 1.03308 1.38847 -3.82793e-14 -1.38847 -1.03308 0.0211914 2.39434 2.4309 2.19226 -3.71826 0.790782 -31.5163 0.268799 
data/pulp.wav 42.6318 0.0829895 0.780066 0.00042603 -269.332 36.9083 3.59946 0.857757 2.60238 3.07976 1.27926 -0.772187 -1.89699 -1.66757 -4.28248e-14 1.66757 1.89699 0.772187 -1.27926 -3.07976 -2.60238 -0.857757 -3.59946 -36.9083 0.173096 
data/pulp.wav 42.9105 0.0812133 0.391709 0.000284327 -284.301 29.6842 9.8568 4.62259 2.32414 0.345582 3.1396e-05 0.647676 0.86784 0.674547 -4.61945e-14 -0.674547 -0.86784 -0.647676 -3.1396e-05 -0.345582 -2.32414 -4.62259 -9.8568 -29.6842 0.189819 
data/pulp.wav 43.1891 0.118428 0.836583 0.000180812 -276.565 27.957 -0.589376 1.36403 2.12571 0.497151 0.636764 0.843964 0.0251219 -0.0405825 -3.99548e-14 0.0405825 -0.0251219 -0.843964 -0.636764 -0.497151 -2.12571 -1.36403 0.589376 -27.957 0.237915 
data/pulp.wav 43.4678 0.0814489 0.626286 0.00042941 -271.801 34.5103 3.33863 3.37485 4.92661 1.92117 1.44182 2.44093 0.550045 -0.303288 -3.92666e-14 0.303288 -0.550045 -2.44093 -1.44182 -1.92117 -4.92661 -3.37485 -3.33863 -34.5103 0.178955 
data/pulp.wav 43.7464 0.111877 0.5986 0.000269271 -270.135 31.8408 0.15443 1.7358 2.44233 1.12176 -0.795846 0.538321 -0.221097 -0.285568 -4.00127e-14 0.285568 0.221097 -0.538321 0.795846 -1.12176 -2.44233 -1.7358 -0.15443 -31.8408 0.221436 
data/pulp.wav 44.025 0.0787296 0.856685 0.000355919 -275.761 33.4499 2.61209 0.242974 5.15902 3.41969 1.52208 1.49164 0.70406 0.131267 -4.14855e-14 -0.131267 -0.70406 -1.49164 -1.52208 -3.41969 -5.15902 -0.242974 -2.61209 -33.4499 0.15979 
data/pulp.wav 44.3037 0.0762489 0.524356 0.000408181 -278.436 33.0401 8.42056 4.31217 4.00836 2.03883 0.0273941 0.0118253 -0.219137 -0.419469 -4.50298e-14 0.419469 0.219137 -0.0118253 -0.0273941 -2.03883 -4.00836 -4.31217 -8.42056 -33.0401 0.175171 
data/pulp.wav 44.5823 0.136077 0.674073 0.000232758 -270.576 26.5542 -2.10088 4.70771 1.04121 -0.171957 0.0389227 0.539374 -0.781968 -0.522608 -3.82869e-14 0.522608 0.781968 -0.539374 -0.0389227 0.171957 -1.04121 -4.70771 2.10088 -26.5542 0.264771 
data/pulp.wav 44.861 0.0864289 0.556005 0.000289708 -280.566 30.4642 6.17543 3.41144 3.87671 1.79812 2.04538 3.71471 2.47532 0.491881 -4.32166e-14 -0.491881 -2.47532 -3.71471 -2.04538 -1.79812 -3.87671 -3.41144 -6.17543 -30.4642 0.196655 
data/pulp.wav 45.1396 0.163877 0.725942 0.000336866 -265.192 28.9848 1.62013 2.82731 0.75649 5.29387 -0.478079 1.04395 -1.24186 -0.714804 -4.55428e-14 0.714804 1.24186 -1.04395 0.478079 -5.29387 -0.75649 -2.82731 -1.62013 -28.9848 0.353516 
data/pulp.wav 45.4182 0.128272 0.758166 0.000382172 -258.247 34.0278 -4.15249 0.780645 -2.16817 -2.34022 -3.38297 -1.4614 -1.03932 0.658858 -3.59781e-14 -0.658858 1.03932 1.4614 3.38297 2.34022 2.16817 -0.780645 4.15249 -34.0278 0.251343 
data/pulp.wav 45.6969 0.12229 0.849579 0.000533567 -257.76 31.8312 -9.77132 4.69246 11.336 5.3744 -1.74894 1.19186 -0.437685 -0.954526 -3.05037e-14 0.954526 0.437685 -1.19186 1.74894 -5.3744 -11.336 -4.69246 9.77132 -31.8312 0.208374 
data/pulp.wav 45.9755 0.144789 0.640368 0.000353449 -263.068 31.3233 -2.53455 2.43448 3.53257 4.47772 0.372998 -1.99274 -2.89301 -1.87135 -4.00897e-14 1.87135 2.89301 1.99274 -0.372998 -4.47772 -3.53257 -2.43448 2.53455 -31.3233 0.297119 
data/pulp.wav 46.2541 0.122755 0.794005 0.000312732 -263.326 33.4054 -6.29489 1.90038 6.79252 2.98423 -1.43161 -2.45528 -2.95374 -3.51024 -3.59557e-14 3.51024 2.95374 2.45528 1.43161 -2.98423 -6.79252 -1.90038 6.29489 -33.4054 0.217163 
data/pulp.wav 46.5328 0.0867546 0.714751 0.000457572 -266.912 37.0576 2.658 3.11095 3.51453 -0.648579 -1.67886 1.98549 2.31997 0.269501 -3.8202e-14 -0.269501 -2.31997 -1.98549 1.67886 0.648579 -3.51453 -3.11095 -2.658 -37.0576 0.180298 
data/pulp.wav 46.8114 0.109806 0.785483 0.00029492 -268.374 33.6731 3.27298 4.23337 0.214113 -2.8368 -3.3521 -0.484832 0.202891 0.352876 -3.95016e-14 -0.352876 -0.202891 0.484832 3.3521 2.8368 -0.214113 -4.23337 -3.27298 -33.6731 0.226196 
data/pulp.wav 47.0901 0.0940478 0.859596 0.000338146 -279.545 30.8564 7.60523 3.16764 2.66605 2.45511 1.01121 2.44133 1.27616 0.770059 -4.54401e-14 -0.770059 -1.27616 -2.44133 -1.01121 -2.45511 -2.66605 -3.16764 -7.60523 -30.8564 0.216431 
data/pulp.wav 47.3687 0.1149 0.697333 0.000386904 -265.763 32.9251 -0.166262 5.58175 2.75285 -1.81238 -3.74377 -0.869509 2.07539 1.94258 -3.62707e-14 -1.94258 -2.07539 0.869509 3.74377 1.81238 -2.75285 -5.58175 0.166262 -32.9251 0.247803 
data/pulp.wav 47.6473 0.157303 0.762139 0.000360982 -257.633 29.7653 -5.23512 6.54307 -1.58445 -2.40043 -1.80448 -0.881438 -0.727166 0.363787 -3.40049e-14 -0.363787 0.727166 0.881438 1.80448 2.40043 1.58445 -6.54307 5.23512 -29.7653 0.294067 
data/pulp.wav 47.926 0.0839745 0.690759 0.000322388 -274.914 33.3965 2.95495 1.63753 6.14925 3.87578 0.291946 0.509308 0.602424 -0.54853 -4.23892e-14 0.54853 -0.602424 -0.509308 -0.291946 -3.87578 -6.14925 -1.63753 -2.95495 -33.3965 0.160156 
data/pulp.wav 48.2046 0.0962641 0.619251 0.000317979 -267.08 36.2842 -2.29885 -2.15891 2.88086 0.894907 -0.538517 0.228852 -0.262176 -1.07252 -3.81239e-14 1.07252 0.262176 -0.228852 0.538517 -0.894907 -2.88086 2.15891 2.29885 -36.2842 0.170044 
data/pulp.wav 48.4833 0.129461 0.799801 0.000432393 -254.481 33.6151 -12.0035 -0.601001 3.12146 2.37267 -0.657728 -1.47862 -3.23521 -2.94867 -3.26803e-14 2.94867 3.23521 1.47862 0.657728 -2.37267 -3.12146 0.601001 12.0035 -33.6151 0.227539 
data/pulp.wav 48.7619 0.0943934 0.835738 0.000373242 -273.846 31.0302 1.76709 4.35704 5.90849 3.1874 1.42795 0.857778 -0.464526 -0.805175 -3.99343e-14 0.805175 0.464526 -0.857778 -1.42795 -3.1874 -5.90849 -4.35704 -1.76709 -31.0302 0.197266 
data/pulp.wav 49.0405 0.0815294 0.57217 0.000309481 -274.488 35.0149 4.63491 0.660569 2.5959 0.619943 -1.21757 -0.469089 0.372804 0.0422568 -4.27969e-14 -0.0422568 -0.372804 0.469089 1.21757 -0.619943 -2.5959 -0.660569 -4.63491 -35.0149 0.153687 
data/pulp.wav 49.3192 0.100878 0.729798 0.00018872 -275.164 31.9232 0.210515 -1.06973 3.3577 1.75468 -0.493543 -0.959954 -1.07918 -0.413106 -4.11253e-14 0.413106 1.07918 0.959954 0.493543 -1.75468 -3.3577 1.06973 -0.210515 -31.9232 0.194336 
data/pulp.wav 49.5978 0.0803566 0.597658 0.000426979 -278.08 31.0075 6.65567 5.77044 5.92429 3.40186 0.944059 1.19384 1.04458 0.91002 -4.29267e-14 -0.91002 -1.04458 -1.19384 -0.944059 -3.40186 -5.92429 -5.77044 -6.65567 -31.0075 0.190918 
data/pulp.wav 49.8765 0.125919 0.533227 0.000266446 -273.396 26.6894 1.20349 5.78303 2.98612 2.23447 0.835672 1.02909 -0.503567 -0.341658 -4.09853e-14 0.341658 0.503567 -1.02909 -0.835672 -2.23447 -2.98612 -5.78303 -1.20349 -26.6894 0.260986 
data/pulp.wav 50.1551 0.092864 0.809141 0.000331721 -278.946 29.1731 4.62625 6.39776 5.5054 0.960196 1.40016 2.3825 0.866666 0.033357 -3.98415e-14 -0.033357 -0.866666 -2.3825 -1.40016 -0.960196 -5.5054 -6.39776 -4.62625 -29.1731 0.207397 
data/pulp.wav 50.4337 0.0826694 0.600814 0.000373958 -281.711 29.7589 8.87574 5.82581 4.98345 4.09644 1.92353 1.03501 0.13754 -0.00814607 -4.61907e-14 0.00814607 -0.13754 -1.03501 -1.92353 -4.09644 -4.98345 -5.82581 -8.87574 -29.7589 0.197144 
data/pulp.wav 50.7124 0.155006 0.654399 0.000272534 -265.724 26.9435 -0.702788 8.35747 1.37844 0.518526 -0.583829 0.899052 -0.629949 -0.588195 -3.85136e-14 0.588195 0.629949 -0.899052 0.583829 -0.518526 -1.37844 -8.35747 0.702788 -26.9435 0.327515 
data/pulp.wav 50.991 0.115744 0.631719 0.000217061 -276.711 27.7821 3.7562 7.45871 3.21741 -0.0304394 0.645207 0.301414 -0.786754 -0.310908 -4.0038e-14 0.310908 0.786754 -0.301414 -0.645207 0.0304394 -3.21741 -7.45871 -3.7562 -27.7821 0.245972 
data/pulp.wav 51.2697 0.143819 0.794825 0.00027625 -264.242 28.1435 -5.73184 6.57615 4.47069 2.05219 0.312226 -0.98922 -2.0161 -1.91816 -3.52646e-14 1.91816 2.0161 0.98922 -0.312226 -2.05219 -4.47069 -6.57615 5.73184 -28.1435 0.271606 
data/pulp.wav 51.5483 0.101004 0.742481 0.000461596 -262.229 36.2729 -4.26754 0.199624 4.48851 3.80882 2.23174 0.521663 -0.766762 -1.16384 -3.62595e-14 1.16384 0.766762 -0.521663 -2.23174 -3.80882 -4.48851 -0.199624 4.26754 -36.2729 0.197998 
data/pulp.wav 51.8269 0.0946111 0.676733 0.000484812 -264.339 35.8588 -3.04434 0.984078 3.8952 3.06351 5.02012 3.25352 0.871198 1.24053 -3.38226e-14 -1.24053 -0.871198 -3.25352 -5.02012 -3.06351 -3.8952 -0.984078 3.04434 -35.8588 0.202148 
data/pulp.wav 52.1056 0.0889673 0.692727 0.00030279 -274.139 32.5784 1.49118 0.616977 4.02075 2.76168 1.46986 2.03284 1.19096 0.126612 -4.09776e-14 -0.126612 -1.19096 -2.03284 -1.46986 -2.76168 -4.02075 -0.616977 -1.49118 -32.5784 0.177002 
data/pulp.wav 52.3842 0.0952495 0.965011 0.000416507 -267.524 34.4321 -2.77988 -1.29791 0.691595 -0.957338 1.14243 2.35962 1.24011 0.923112 -3.5621e-14 -0.923112 -1.24011 -2.35962 -1.14243 0.957338 -0.691595 1.29791 2.77988 -34.4321 0.182251 
data/pulp.wav 52.6629 0.0828261 0.713357 0.000516827 -264.071 39.1319 0.0755524 0.841675 4.90466 0.559829 -2.4529 0.520923 2.51804 1.18757 -3.67475e-14 -1.18757 -2.51804 -0.520923 2.4529 -0.559829 -4.90466 -0.841675 -0.0755524 -39.1319 0.163574 
data/pulp.wav 52.9415 0.129074 0.84426 0.00033904 -260.855 32.5584 -2.58841 5.10777 0.0679827 -3.72963 -3.56799 -0.0546443 -0.34685 -0.219228 -3.43662e-14 0.219228 0.34685 0.0546443 3.56799 3.72963 -0.0679827 -5.10777 2.58841 -32.5584 0.25061 
data/pulp.wav 53.2201 0.0884722 0.663442 0.00035794 -268.829 36.456 2.38881 2.44678 1.55931 -3.76467 -3.1763 0.310403 2.82378 2.42137 -3.64199e-14 -2.42137 -2.82378 -0.310403 3.1763 3.76467 -1.55931 -2.44678 -2.38881 -36.456 0.187012 
data/pulp.wav 53.4988 0.0957468 0.593182 0.000507777 -264.937 37.3456 -0.639328 3.2451 6.30998 -2.78363 -5.75254 1.95972 6.20544 3.49768 -3.29831e-14 -3.49768 -6.20544 -1.95972 5.75254 2.78363 -6.30998 -3.2451 0.639328 -37.3456 0.177734 
data/pulp.wav 53.7774 0.153252 0.808587 0.000305997 -260.337 30.2119 -5.74725 4.22862 0.989253 -0.114759 -1.22696 -0.429333 -1.92926 -1.64586 -3.54456e-14 1.64586 1.92926 0.429333 1.22696 0.114759 -0.989253 -4.22862 5.74725 -30.2119 0.292969 
data/pulp.wav 54.0561 0.0897049 0.822006 0.000426155 -269.016 34.0332 -1.67008 2.396 8.72145 3.27018 -0.648948 2.10463 0.9338 -2.03411 -3.73977e-14 2.03411 -0.9338 -2.10463 0.648948 -3.27018 -8.72145 -2.396 1.67008 -34.0332 0.171143 
data/pulp.wav 54.3347 0.112278 0.63176 0.000376047 -262.557 34.4064 -6.02307 -0.156788 5.74065 3.69296 -0.680146 -0.574631 -2.00481 -2.71233 -3.67446e-14 2.71233 2.00481 0.574631 0.680146 -3.69296 -5.74065 0.156788 6.02307 -34.4064 0.190918 
data/pulp.wav 54.6133 0.116744 0.72252 0.000275212 -271.644 29.8157 0.431279 4.31116 2.32061 1.04439 1.49376 0.602893 -0.741466 0.136094 -3.8626e-14 -0.136094 0.741466 -0.602893 -1.49376 -1.04439 -2.32061 -4.31116 -0.431279 -29.8157 0.241211 
data/pulp.wav 54.892 0.109244 0.791608 0.000476504 -261.936 33.8677 -4.76237 0.496299 6.21036 7.68625 0.640164 -0.537603 -1.32764 -2.18345 -4.05858e-14 2.18345 1.32764 0.537603 -0.640164 -7.68625 -6.21036 -0.496299 4.76237 -33.8677 0.213501 
data/pulp.wav 55.1706 0.110906 0.531637 0.000267386 -280.49 28.0278 5.59125 4.85766 4.18385 3.28213 1.34963 0.171591 -1.0726 -1.11949 -4.50109e-14 1.11949 1.0726 -0.171591 -1.34963 -3.28213 -4.18385 -4.85766 -5.59125 -28.0278 0.23645 
data/pulp.wav 55.4493 0.0863553 0.835114 0.00031607 -277.68 31.4672 3.9482 2.86934 4.76948 1.25772 0.0497449 1.34679 0.934847 0.194581 -4.11791e-14 -0.194581 -0.934847 -1.34679 -0.0497449 -1.25772 -4.76948 -2.86934 -3.9482 -31.4672 0.183594 
data/pulp.wav 55.7279 0.101301 0.624991 0.000399896 -268.597 33.6676 1.32964 3.13212 4.22233 2.86998 0.958592 1.01528 -0.303948 -0.0715896 -3.93299e-14 0.0715896 0.303948 -1.01528 -0.958592 -2.86998 -4.22233 -3.13212 -1.32964 -33.6676 0.219849 
data/pulp.wav 56.0065 0.12652 0.694084 0.000323682 -266.532 29.6423 -1.40884 6.5105 2.94511 0.901299 0.466775 1.12225 0.0188166 -0.261928 -3.69129e-14 0.261928 -0.0188166 -1.12225 -0.466775 -0.901299 -2.94511 -6.5105 1.40884 -29.6423 0.260742 
data/pulp.wav 56.2852 0.0902522 0.550143 0.000309775 -275.788 31.3018 1.91482 2.97075 5.89531 2.56405 2.33863 3.22603 0.818861 -0.397509 -3.91259e-14 0.397509 -0.818861 -3.22603 -2.33863 -2.56405 -5.89531 -2.97075 -1.91482 -31.3018 0.190552 
data/pulp.wav 56.5638 0.0799501 0.545278 0.000342011 -279.461 30.5288 5.5291 4.83807 5.91152 3.10751 2.95151 3.25566 1.55848 0.6108 -4.14302e-14 -0.6108 -1.55848 -3.25566 -2.95151 -3.10751 -5.91152 -4.83807 -5.5291 -30.5288 0.181274 
data/pulp.wav 56.8424 0.154917 0.714913 0.000237162 -266.964 26.0333 -3.98297 6.89298 2.27089 -0.960298 -1.73195 0.172255 -1.33487 -1.22252 -3.57973e-14 1.22252 1.33487 -0.172255 1.73195 0.960298 -2.27089 -6.89298 3.98297 -26.0333 0.300781 
data/pulp.wav 57.1211 0.0757845 0.652403 0.000345585 -278.828 30.871 5.1427 4.51298 6.38582 2.71197 1.18976 2.31071 0.618265 -0.953648 -4.21224e-14 0.953648 -0.618265 -2.31071 -1.18976 -2.71197 -6.38582 -4.51298 -5.1427 -30.871 0.169678 
data/pulp.wav 57.3997 0.157482 0.602447 0.000269545 -273.832 25.2642 3.16553 3.12506 3.82486 2.62708 0.52261 4.69498 2.4637 0.896802 -4.22097e-14 -0.896802 -2.4637 -4.69498 -0.52261 -2.62708 -3.82486 -3.12506 -3.16553 -25.2642 0.3302 
data/pulp.wav 57.6784 0.109057 0.644649 0.000419215 -263.07 35.4206 -2.49753 1.58645 2.64556 0.206996 -0.877105 0.56005 0.240504 0.0302695 -3.5859e-14 -0.0302695 -0.240504 -0.56005 0.877105 -0.206996 -2.64556 -1.58645 2.49753 -35.4206 0.212646 
data/pulp.wav 57.957 0.107555 0.725519 0.000432853 -264.508 35.0916 0.683583 1.33843 0.774924 2.76082 0.926448 2.49249 2.92854 0.909775 -4.15081e-14 -0.909775 -2.92854 -2.49249 -0.926448 -2.76082 -0.774924 -1.33843 -0.683583 -35.0916 0.240479 
data/pulp.wav 58.2356 0.117384 0.657208 0.000326244 -267.147 32.7212 -0.696146 1.33447 2.1804 3.15503 -0.392687 -0.50187 0.366813 -0.544833 -4.20157e-14 0.544833 -0.366813 0.50187 0.392687 -3.15503 -2.1804 -1.33447 0.696146 -32.7212 0.229004 
data/pulp.wav 58.5143 0.104201 0.957485 0.000380278 -265.43 33.4857 -3.07933 0.532665 2.13026 1.14914 -0.490366 2.00085 1.72897 -2.1134 -3.96364e-14 2.1134 -1.72897 -2.00085 0.490366 -1.14914 -2.13026 -0.532665 3.07933 -33.4857 0.207275 
data/pulp.wav 58.7929 0.119991 0.712651 0.000400731 -262.495 32.1446 -2.81605 0.403793 0.301453 4.52445 -0.130683 1.09063 0.699599 -1.92424 -4.3942e-14 1.92424 -0.699599 -1.09063 0.130683 -4.52445 -0.301453 -0.403793 2.81605 -32.1446 0.254028 
data/pulp.wav 59.0716 0.143199 0.70388 0.000326596 -259.544 30.1135 -4.58849 4.35924 0.393306 1.08623 -1.33033 0.78752 -0.358927 -1.45014 -3.81094e-14 1.45014 0.358927 -0.78752 1.33033 -1.08623 -0.393306 -4.35924 4.58849 -30.1135 0.281128 
data/pulp.wav 59.3502 0.109138 0.664562 0.000336492 -266.233 34.2334 -0.781241 4.60026 1.96718 -5.18851 -3.62847 0.906992 2.73821 1.31796 -3.32492e-14 -1.31796 -2.73821 -0.906992 3.62847 5.18851 -1.96718 -4.60026 0.781241 -34.2334 0.212769 
data/pulp.wav 59.6288 0.113789 0.538553 0.000399458 -264.858 33.9312 -2.42253 6.8036 6.57738 -4.96632 -6.84152 1.22307 5.99087 3.15481 -3.022e-14 -3.15481 -5.99087 -1.22307 6.84152 4.96632 -6.57738 -6.8036 2.42253 -33.9312 0.220581 
data/pulp.wav 59.9075 0.132928 0.909399 0.000310553 -261.895 31.7065 -6.03799 0.035311 -2.75974 -4.44479 -2.74753 0.197418 0.0992469 0.523024 -3.40877e-14 -0.523024 -0.0992469 -0.197418 2.74753 4.44479 2.75974 -0.035311 6.03799 -31.7065 0.25061 
data/pulp.wav 60.1861 0.0801346 0.795148 0.000390145 -273.526 34.0927 5.41708 2.19571 2.67822 2.58054 1.077 1.51278 0.616027 0.0131745 -4.35734e-14 -0.0131745 -0.616027 -1.51278 -1.077 -2.58054 -2.67822 -2.19571 -5.41708 -34.0927 0.165283 
data/pulp.wav 60.4648 0.103944 0.632121 0.000303859 -269.042 33.6671 -1.56983 0.753489 4.18794 0.151124 -2.95939 0.908593 2.53136 -1.09494 -3.93981e-14 1.09494 -2.53136 -0.908593 2.95939 -0.151124 -4.18794 -0.753489 1.56983 -33.6671 0.194824 
data/pulp.wav 60.7434 0.139338 0.737066 0.000207956 -272.387 26.6669 -3.64136 4.64529 4.37977 -0.155109 -1.37492 -0.358616 -0.175824 -0.582387 -3.64287e-14 0.582387 0.175824 0.358616 1.37492 0.155109 -4.37977 -4.64529 3.64136 -26.6669 0.254883 
data/pulp.wav 61.022 0.100465 0.765308 0.000435038 -266.648 34.4009 -1.43943 2.17431 6.75624 5.33264 0.358693 -2.07286 -2.84798 -2.74953 -4.00866e-14 2.74953 2.84798 2.07286 -0.358693 -5.33264 -6.75624 -2.17431 1.43943 -34.4009 0.200195 
data/pulp.wav 61.3007 0.121156 0.692499 0.000310678 -266.593 31.5375 -1.48647 3.07733 4.12868 3.20931 -0.270452 -2.0241 -3.93746 -2.63001 -3.96374e-14 2.63001 3.93746 2.0241 0.270452 -3.20931 -4.12868 -3.07733 1.48647 -31.5375 0.240356 
data/pulp.wav 61.5793 0.0810451 0.743563 0.000304764 -281.598 30.1365 6.12318 2.95491 4.32952 1.99828 0.700359 1.35283 0.571492 -0.271661 -4.41762e-14 0.271661 -0.571492 -1.35283 -0.700359 -1.99828 -4.32952 -2.95491 -6.12318 -30.1365 0.171265 
data/pulp.wav 61.858 0.094486 0.485432 0.00033774 -271.516 34.0788 1.92085 1.77814 3.10192 -0.165716 0.38356 3.23245 0.544804 -2.13129 -3.95885e-14 2.13129 -0.544804 -3.23245 -0.38356 0.165716 -3.10192 -1.77814 -1.92085 -34.0788 0.203735 
data/pulp.wav 62.1366 0.13364 0.722772 0.000287016 -269.754 27.767 -0.400725 6.25139 2.50061 1.21857 0.452807 1.52984 0.632077 -0.0912967 -3.90412e-14 0.0912967 -0.632077 -1.52984 -0.452807 -1.21857 -2.50061 -6.25139 0.400725 -27.767 0.27832 
data/pulp.wav 62.4152 0.0839455 0.564135 0.000231058 -278.573 31.4302 3.39304 0.546405 4.17754 2.75349 0.717979 0.289276 -0.076213 0.0393036 -4.29838e-14 -0.0393036 0.076213 -0.289276 -0.717979 -2.75349 -4.17754 -0.546405 -3.39304 -31.4302 0.174927 
data/pulp.wav 62.6939 0.0862976 0.385015 0.000277193 -282.422 29.8094 7.46432 4.33294 4.00076 1.13829 -0.279259 -0.601483 -0.943376 -0.470188 -4.45551e-14 0.470188 0.943376 0.601483 0.279259 -1.13829 -4.00076 -4.33294 -7.46432 -29.8094 0.192627 
data/pulp.wav 62.9725 0.143903 0.770708 0.000211538 -268.423 26.0931 -6.65715 1.83105 1.13355 -0.199665 -0.78663 0.164231 -0.993413 -0.564807 -3.62011e-14 0.564807 0.993413 -0.164231 0.78663 0.199665 -1.13355 -1.83105 6.65715 -26.0931 0.26416 
data/pulp.wav 63.2512 0.0914202 0.640151 0.000359783 -276.886 30.785 5.39931 3.70178 4.2864 4.24438 2.3519 2.62713 1.77883 1.02916 -4.3796e-14 -1.02916 -1.77883 -2.62713 -2.3519 -4.24438 -4.2864 -3.70178 -5.39931 -30.785 0.215332 
data/pulp.wav 63.5298 0.0940293 0.694683 0.000283733 -272.863 34.7409 3.48932 0.771727 1.81922 0.307156 -0.570757 -0.532326 -0.0626917 0.437768 -4.13618e-14 -0.437768 0.0626917 0.532326 0.570757 -0.307156 -1.81922 -0.771727 -3.48932 -34.7409 0.19519 
data/pulp.wav 63.8084 0.122377 0.77092 0.000264746 -269.137 31.2465 -0.132579 4.20516 3.41332 1.94738 -0.340983 -1.55361 -0.675951 0.603886 -3.89773e-14 -0.603886 0.675951 1.55361 0.340983 -1.94738 -3.41332 -4.20516 0.132579 -31.2465 0.265747 
data/pulp.wav 64.0871 0.121462 0.813848 0.000413232 -264.257 34.6231 1.99488 1.20549 -0.488594 1.75106 -0.870672 0.663721 0.681659 0.753616 -4.24105e-14 -0.753616 -0.681659 -0.663721 0.870672 -1.75106 0.488594 -1.20549 -1.99488 -34.6231 0.267578 
data/pulp.wav 64.3657 0.115629 0.728342 0.000269057 -270.433 30.2613 0.221939 3.42702 2.39175 0.591548 -1.75689 -1.379 0.365707 2.34713 -3.87449e-14 -2.34713 -0.365707 1.379 1.75689 -0.591548 -2.39175 -3.42702 -0.221939 -30.2613 0.239014 
data/pulp.wav 64.6444 0.0932113 0.792761 0.000328642 -272.215 33.1374 -0.396647 0.051078 4.25939 2.54393 0.988331 0.785184 -0.0410344 -1.21022 -4.01689e-14 1.21022 0.0410344 -0.785184 -0.988331 -2.54393 -4.25939 -0.051078 0.396647 -33.1374 0.181152 
data/pulp.wav 64.923 0.0909609 0.639682 0.000356192 -272.43 34.3045 2.63144 1.05606 3.1201 1.77427 0.346188 1.01006 2.21752 1.8345 -4.06873e-14 -1.8345 -2.21752 -1.01006 -0.346188 -1.77427 -3.1201 -1.05606 -2.63144 -34.3045 0.182617 
data/pulp.wav 65.2016 0.115611 0.790561 0.000368371 -263.648 33.7687 -0.691891 1.84459 -0.788597 1.44706 1.21717 0.825226 -0.425201 -1.13238 -4.06327e-14 1.13238 0.425201 -0.825226 -1.21717 -1.44706 0.788597 -1.84459 0.691891 -33.7687 0.244141 
data/pulp.wav 65.4803 0.122044 0.680932 0.000242572 -272.749 28.2711 -1.0573 2.33693 3.3683 2.8547 1.02186 2.40126 -0.0591667 -1.65395 -4.11016e-14 1.65395 0.0591667 -2.40126 -1.02186 -2.8547 -3.3683 -2.33693 1.0573 -28.2711 0.233276 
data/pulp.wav 65.7589 0.0819477 0.607214 0.000313457 -277.779 32.6029 5.1335 2.49296 4.95424 1.73795 -1.00107 0.477386 0.816633 -0.89634 -4.36469e-14 0.89634 -0.816633 -0.477386 1.00107 -1.73795 -4.95424 -2.49296 -5.1335 -32.6029 0.164795 
data/pulp.wav 66.0376 0.140812 0.748318 0.000248908 -266.701 29.6625 -1.48606 4.54854 0.111567 -1.81988 -3.03374 -1.13917 -0.626151 -0.699831 -3.86715e-14 0.699831 0.626151 1.13917 3.03374 1.81988 -0.111567 -4.54854 1.48606 -29.6625 0.277344 
data/pulp.wav 66.3162 0.0900833 0.752305 0.000436042 -272.447 31.724 1.92805 4.34902 8.13933 6.61833 1.57092 0.516787 -0.879616 -1.63882 -4.2142e-14 1.63882 0.879616 -0.516787 -1.57092 -6.61833 -8.13933 -4.34902 -1.92805 -31.724 0.188721 
data/pulp.wav 66.5948 0.161466 0.654345 0.00026182 -270.83 26.9107 0.664354 5.21775 5.26746 5.70905 -1.41627 -1.90898 -3.60769 -1.49274 -4.33994e-14 1.49274 3.60769 1.90898 1.41627 -5.70905 -5.26746 -5.21775 -0.664354 -26.9107 0.319702 
data/pulp.wav 66.8735 0.129271 0.791227 0.000193937 -279.531 26.8137 3.74363 4.15573 1.98724 1.00044 0.380204 0.395067 -0.659984 -0.25961 -4.32696e-14 0.25961 0.659984 -0.395067 -0.380204 -1.00044 -1.98724 -4.15573 -3.74363 -26.8137 0.288696 
data/pulp.wav 67.1521 0.0880087 0.702922 0.000350785 -275.647 32.3219 6.50776 4.60553 2.62688 2.33406 1.50362 -0.464278 -1.46684 -0.947261 -4.41575e-14 0.947261 1.46684 0.464278 -1.50362 -2.33406 -2.62688 -4.60553 -6.50776 -32.3219 0.19458 
data/pulp.wav 67.4307 0.118607 0.541747 0.000259086 -278.505 25.0782 4.72554 7.57107 1.94869 0.811053 -0.246715 0.530009 -0.0121968 0.0697859 -4.35513e-14 -0.0697859 0.0121968 -0.530009 0.246715 -0.811053 -1.94869 -7.57107 -4.72554 -25.0782 0.250977 
data/pulp.wav 67.7094 0.0695891 0.780501 0.000287172 -283.508 30.3069 7.62619 2.75869 4.21997 2.38679 1.05855 1.24218 0.950576 0.43996 -4.53307e-14 -0.43996 -0.950576 -1.24218 -1.05855 -2.38679 -4.21997 -2.75869 -7.62619 -30.3069 0.142212 
data/pulp.wav 67.988 0.088095 0.558023 0.000339577 -271.775 34.2498 1.58482 2.82624 5.19379 -0.422332 -1.08657 1.09942 -0.0640979 -0.639882 -3.71464e-14 0.639882 0.0640979 -1.09942 1.08657 0.422332 -5.19379 -2.82624 -1.58482 -34.2498 0.189575 
data/pulp.wav 68.2667 0.120154 0.665426 0.000335958 -269.253 29.5805 -0.167071 6.08738 3.02245 0.603949 0.927183 1.84917 0.878403 0.745327 -3.69805e-14 -0.745327 -0.878403 -1.84917 -0.927183 -0.603949 -3.02245 -6.08738 0.167071 -29.5805 0.250244 
data/pulp.wav 68.5453 0.077854 0.608409 0.000247966 -277.062 32.964 2.08237 -1.70425 4.53836 4.13565 1.61369 0.973852 0.581217 0.339216 -4.28655e-14 -0.339216 -0.581217 -0.973852 -1.61369 -4.13565 -4.53836 1.70425 -2.08237 -32.964 0.151978 
data/pulp.wav 68.8239 0.0851887 0.44722 0.000288452 -282.791 29.9456 7.65923 3.63579 4.04004 1.90337 0.0951299 -0.0329273 -0.397751 -0.348351 -4.54657e-14 0.348351 0.397751 0.0329273 -0.0951299 -1.90337 -4.04004 -3.63579 -7.65923 -29.9456 0.190186 
data/pulp.wav 69.1026 0.15174 0.83615 0.000197299 -270.079 24.3609 -4.69647 3.8148 -0.0618898 -1.72493 -1.62983 0.570502 -1.0308 -0.733643 -3.71632e-14 0.733643 1.0308 -0.570502 1.62983 1.72493 0.0618898 -3.8148 4.69647 -24.3609 0.28479 
data/pulp.wav 69.3812 0.0783305 0.72786 0.000396643 -279.077 30.902 7.47292 5.24286 4.875 3.47997 2.15129 2.67196 1.69945 0.7713 -4.40186e-14 -0.7713 -1.69945 -2.67196 -2.15129 -3.47997 -4.875 -5.24286 -7.47292 -30.902 0.184814 
data/pulp.wav 69.6599 0.173323 0.660961 0.000344924 -261.87 29.044 -0.109229 4.13454 1.37833 5.30045 -0.725997 -0.833867 -3.13984 -1.51088 -4.36228e-14 1.51088 3.13984 0.833867 0.725997 -5.30045 -1.37833 -4.13454 0.109229 -29.044 0.340454 
data/pulp.wav 69.9385 0.105939 0.831803 0.000363344 -263.93 35.9147 -2.34612 0.299814 2.23357 -0.394223 -2.31553 -1.00573 -0.652039 -0.645272 -3.70174e-14 0.645272 0.652039 1.00573 2.31553 0.394223 -2.23357 -0.299814 2.34612 -35.9147 0.201538 
data/pulp.wav 70.2171 0.15699 0.681058 0.000475192 -259.725 26.7631 -5.96979 7.0965 8.41143 5.95515 0.275345 1.26886 -0.66043 -0.244907 -3.44678e-14 0.244907 0.66043 -1.26886 -0.275345 -5.95515 -8.41143 -7.0965 5.96979 -26.7631 0.318115 
data/pulp.wav 70.4958 0.128355 0.699572 0.000345683 -261.361 33.3147 -3.50972 2.17308 2.92205 4.32944 0.226612 -2.56367 -3.97178 -1.97315 -3.91079e-14 1.97315 3.97178 2.56367 -0.226612 -4.32944 -2.92205 -2.17308 3.50972 -33.3147 0.253906 
data/pulp.wav 70.7744 0.105841 0.860802 0.000413629 -262.629 35.453 -3.40745 2.87818 5.55258 2.44225 -0.240735 -1.52214 -1.80854 -1.45712 -3.56027e-14 1.45712 1.80854 1.52214 0.240735 -2.44225 -5.55258 -2.87818 3.40745 -35.453 0.198242 
data/pulp.wav 71.0531 0.102926 0.568433 0.000345977 -270.78 34.2156 3.23931 2.43994 2.29971 -0.860024 -1.8167 2.51873 1.87916 -0.655862 -4.07285e-14 0.655862 -1.87916 -2.51873 1.8167 0.860024 -2.29971 -2.43994 -3.23931 -34.2156 0.224365 
data/pulp.wav 71.3317 0.128347 0.799229 0.000359245 -266.786 30.2186 2.19365 8.36842 1.5737 -0.86287 -1.40311 0.848654 0.0962916 0.701279 -3.79889e-14 -0.701279 -0.0962916 -0.848654 1.40311 0.86287 -1.5737 -8.36842 -2.19365 -30.2186 0.280029 
data/pulp.wav 71.6103 0.102844 0.596068 0.00026347 -274.769 31.1818 2.8118 1.76841 2.07893 2.43593 2.0138 1.75536 0.607495 0.522768 -4.21773e-14 -0.522768 -0.607495 -1.75536 -2.0138 -2.43593 -2.07893 -1.76841 -2.8118 -31.1818 0.227051 
data/pulp.wav 71.889 0.117485 0.591862 0.000370679 -265.701 32.289 -3.79736 5.06975 7.45962 -0.404141 -4.98484 -0.895563 1.92286 0.157779 -3.41884e-14 -0.157779 -1.92286 0.895563 4.98484 0.404141 -7.45962 -5.06975 3.79736 -32.289 0.223267 
data/pulp.wav 72.1676 0.136565 0.801232 0.000332107 -264.127 31.4439 -2.23713 2.65824 -1.44931 -2.17368 -2.74042 -1.21664 -0.815978 -0.203869 -3.81032e-14 0.203869 0.815978 1.21664 2.74042 2.17368 1.44931 -2.65824 2.23713 -31.4439 0.265625 
